	65	70	75	
250	3.1955	3.3177	3.2682	
255	3.3474	3.4222	3.406	
260	3.594	3.5847	3.6054	
265	3.8107	3.8518	3.855	
270	4.0944	4.0934	4.1358	
275	4.3528	4.3827	4.4048	
280	4.5935	4.603	4.6178	
285	4.7553	4.7534	4.7552	
290	4.7294	4.7292	4.724	
295	4.4765	4.4556	4.4541	
300	4.1562	4.1314	4.1395	
305	3.9121	3.889	3.9055	
310	3.7324	3.7225	3.7251	
315	3.6102	3.5976	3.608	
320	3.5197	3.5042	3.5142	
325	3.4502	3.4373	3.4408	
330	3.3956	3.3801	3.3845	
335	3.3468	3.337	3.3378	
340	3.3166	3.3104	3.3071	
345	3.3081	3.3037	3.299	
350	3.3354	3.3294	3.3262	
355	3.3987	3.3994	3.3937	
360	3.4573	3.4472	3.4483	
365	3.3486	3.2947	3.3219	
370	2.878	2.8548	2.8885	
375	2.3158	2.2563	2.272	
380	1.7796	1.769	1.7785	
385	1.4543	1.4565	1.4569	
390	1.2355	1.2179	1.2343	
395	1.0855	1.0774	1.082	
400	0.96781	0.96363	0.96261	
405	0.87622	0.86149	0.86746	
410	0.80123	0.79277	0.79901	
415	0.74074	0.73198	0.73719	
420	0.69046	0.68459	0.68935	
425	0.64704	0.63848	0.63949	
430	0.6086	0.60472	0.60516	
435	0.57612	0.57231	0.57342	
440	0.54664	0.54422	0.5425	
445	0.51607	0.51157	0.51702	
450	0.49632	0.49235	0.49271	
455	0.47589	0.46947	0.47658	
460	0.4591	0.45276	0.45633	
465	0.44011	0.43489	0.44028	
470	0.42429	0.42005	0.42222	
475	0.41067	0.40558	0.40954	
480	0.39849	0.39077	0.39252	
485	0.38109	0.37932	0.38005	
490	0.36839	0.36556	0.36857	
495	0.3606	0.35417	0.35861	
500	0.34984	0.34495	0.34777	
505	0.33959	0.33419	0.3393	
510	0.33079	0.32677	0.32829	
515	0.32248	0.31861	0.32125	
520	0.31355	0.31051	0.31364	
525	0.30687	0.30276	0.30678	
530	0.30103	0.29528	0.29939	
535	0.29442	0.28885	0.29249	
540	0.2869	0.28246	0.28554	
545	0.27984	0.2789	0.28043	
550	0.27374	0.27206	0.2745	
555	0.2685	0.26627	0.26804	
560	0.26238	0.26062	0.26312	
565	0.25766	0.25534	0.25689	
570	0.25348	0.25073	0.25381	
575	0.24903	0.24631	0.24888	
580	0.24391	0.24036	0.24435	
585	0.24078	0.23793	0.24002	
590	0.23618	0.23404	0.23554	
595	0.23213	0.23044	0.23194	
600	0.22781	0.22565	0.22762	
605	0.2239	0.22228	0.22394	
610	0.21948	0.21778	0.22261	
615	0.21613	0.21561	0.21867	
620	0.2142	0.21111	0.21457	
625	0.2108	0.21006	0.21166	
630	0.2067	0.2062	0.20997	
635	0.20591	0.20348	0.20632	
640	0.2006	0.19931	0.203	
645	0.19798	0.19828	0.20228	
650	0.19555	0.19416	0.19919	
655	0.19297	0.19213	0.19481	
660	0.19125	0.19021	0.19156	
665	0.18877	0.18601	0.1877	
670	0.18648	0.18419	0.18857	
675	0.18277	0.18069	0.18515	
680	0.1809	0.17945	0.18455	
685	0.17791	0.17782	0.18187	
690	0.17503	0.17518	0.17669	
695	0.17465	0.17405	0.17636	
700	0.17076	0.17182	0.17312	
705	0.17044	0.16907	0.17635	
710	0.16894	0.169	0.17092	
715	0.16626	0.16433	0.16849	
720	0.16238	0.1655	0.16917	
725	0.16402	0.16341	0.16727	
730	0.15965	0.16242	0.16215	
735	0.15559	0.16148	0.15822	
740	0.15704	0.15534	0.15994	
745	0.15498	0.15393	0.15953	
750	0.15308	0.1524	0.15852	
755	0.15112	0.15083	0.15473	
760	0.15001	0.14946	0.15284	
765	0.14768	0.14828	0.15083	
770	0.1468	0.14644	0.15015	
775	0.14462	0.14483	0.15006	
780	0.14389	0.14336	0.14732	
785	0.14229	0.14319	0.14658	
790	0.14046	0.13863	0.14368	
795	0.13931	0.13981	0.14298	
800	0.13795	0.13846	0.14134	
805	0.13731	0.13626	0.1424	
810	0.13615	0.13539	0.13984	
815	0.13309	0.13393	0.13677	
820	0.13178	0.13211	0.1365	
825	0.13151	0.13136	0.13545	
830	0.1299	0.13056	0.13453	
835	0.12819	0.12895	0.13359	
840	0.12678	0.12723	0.13209	
845	0.12648	0.1256	0.12995	
850	0.12477	0.12379	0.13	
855	0.12331	0.12433	0.12915	
860	0.1234	0.12358	0.12702	
865	0.12289	0.12198	0.12663	
870	0.12052	0.12104	0.12451	
875	0.11963	0.12027	0.12425	
880	0.11865	0.11828	0.12251	
885	0.11802	0.11825	0.12214	
890	0.11773	0.11708	0.12076	
895	0.1162	0.11625	0.1196	
900	0.11533	0.11516	0.11905	
905	0.11486	0.11407	0.11812	
910	0.11298	0.11377	0.11746	
915	0.11196	0.11203	0.11587	
920	0.11216	0.11175	0.11537	
925	0.11068	0.11101	0.11429	
930	0.10947	0.10964	0.11436	
935	0.10863	0.10874	0.11272	
940	0.1075	0.10784	0.11223	
945	0.10603	0.10681	0.11121	
950	0.10628	0.10608	0.11004	
955	0.1052	0.10499	0.10907	
960	0.10521	0.10469	0.10872	
965	0.10411	0.1042	0.10826	
970	0.10292	0.10413	0.10771	
975	0.10216	0.10294	0.10674	
980	0.10236	0.10223	0.10586	
985	0.1016	0.10144	0.10543	
990	0.10133	0.10071	0.10416	
995	0.10073	0.10039	0.10366	
1000	0.099596	0.10058	0.1033	
1005	0.099602	0.098604	0.10067	
1010	0.0982	0.09792	0.10011	
1015	0.098033	0.096332	0.10116	
1020	0.09768	0.097068	0.1006	
1025	0.095981	0.09548	0.098309	
1030	0.094998	0.095212	0.098315	
1035	0.095958	0.095461	0.097343	
1040	0.096033	0.093034	0.097515	
1045	0.094405	0.093312	0.096481	
1050	0.093909	0.093007	0.096477	
1055	0.093688	0.092601	0.093113	
1060	0.093192	0.093996	0.093297	
1065	0.092561	0.092206	0.092915	
1070	0.092332	0.091451	0.091471	
1075	0.091647	0.090954	0.092811	
1080	0.091617	0.090636	0.091894	
1085	0.090724	0.090808	0.091315	
1090	0.090767	0.090467	0.091459	
1095	0.090084	0.088713	0.090197	
1100	0.089406	0.088331	0.090583	
1105	0.08739	0.088167	0.08973	
1110	0.087569	0.087766	0.089536	
1115	0.087441	0.086478	0.089295	
1120	0.086275	0.086142	0.089357	
1125	0.086052	0.086008	0.088923	
1130	0.085803	0.085895	0.089136	
1135	0.085098	0.083866	0.088037	
1140	0.084674	0.085825	0.088471	
1145	0.083687	0.085717	0.087444	
1150	0.083562	0.08328	0.086061	
1155	0.082562	0.083812	0.085991	
1160	0.083544	0.083341	0.085073	
1165	0.082755	0.082954	0.084525	
1170	0.081947	0.082529	0.084323	
1175	0.082125	0.08213	0.085191	
1180	0.081887	0.081461	0.084624	
1185	0.081532	0.081159	0.083922	
1190	0.081257	0.082318	0.083405	
1195	0.080433	0.080576	0.082603	
1200	0.079995	0.080487	0.081767	
1205	0.079993	0.079271	0.082561	
1210	0.078932	0.078833	0.081421	
1215	0.079569	0.079226	0.080865	
1220	0.078772	0.079026	0.080685	
1225	0.079147	0.077834	0.080901	
1230	0.077579	0.077811	0.079624	
1235	0.077853	0.077656	0.079653	
1240	0.078483	0.076967	0.07948	
1245	0.077529	0.077015	0.078198	
1250	0.077116	0.077441	0.078139	
1255	0.077061	0.077335	0.078497	
1260	0.075528	0.075978	0.077543	
1265	0.075999	0.075379	0.076819	
1270	0.07674	0.075839	0.076675	
1275	0.075115	0.074996	0.07641	
1280	0.07485	0.074973	0.076063	
1285	0.075237	0.07393	0.075972	
1290	0.0752	0.07429	0.074124	
1295	0.074413	0.073811	0.075286	
1300	0.073813	0.073141	0.075271	
1305	0.072492	0.071898	0.07546	
1310	0.07297	0.074431	0.074632	
1315	0.073045	0.07341	0.073936	
1320	0.073234	0.071734	0.073401	
1325	0.072536	0.07246	0.073828	
1330	0.071934	0.072944	0.07226	
1335	0.071012	0.072435	0.072347	
1340	0.070943	0.071869	0.072411	
1345	0.07249	0.071359	0.071972	
1350	0.070292	0.073597	0.07141	
1355	0.070127	0.070245	0.073214	
1360	0.071405	0.071253	0.071821	
1365	0.069705	0.069049	0.070853	
1370	0.069328	0.069	0.07	
1375	0.06923	0.06988	0.07066	
1380	0.067998	0.068688	0.070741	
1385	0.068926	0.068942	0.069384	
1390	0.067463	0.069506	0.069568	
1395	0.068274	0.06739	0.070928	
1400	0.068293	0.067806	0.068376	
1405	0.066948	0.067228	0.067733	
1410	0.06612	0.067308	0.069295	
1415	0.06679	0.066924	0.067818	
1420	0.065779	0.066401	0.068633	
1425	0.066049	0.067327	0.067519	
1430	0.065744	0.066036	0.067262	
1435	0.065422	0.064641	0.067093	
1440	0.064713	0.065853	0.066506	
1445	0.065332	0.065687	0.066308	
1450	0.065813	0.064749	0.06543	
1455	0.066126	0.065736	0.066439	
1460	0.064811	0.065393	0.066417	
1465	0.063707	0.06483	0.064643	
1470	0.063901	0.06395	0.064436	
1475	0.063694	0.063881	0.064599	
1480	0.064238	0.063631	0.06496	
1485	0.064076	0.064139	0.064235	
1490	0.06357	0.063799	0.064506	
1495	0.063052	0.063109	0.063783	
1500	0.063243	0.06286	0.064049	
1505	0.062461	0.062949	0.064053	
1510	0.062556	0.061342	0.063041	
1515	0.062254	0.061098	0.063294	
1520	0.062878	0.061649	0.063642	
1525	0.060995	0.061244	0.062416	
1530	0.059581	0.060015	0.062007	
1535	0.06096	0.061136	0.062883	
1540	0.060135	0.060346	0.061912	
1545	0.059592	0.061344	0.061978	
1550	0.059279	0.060599	0.062096	
1555	0.060049	0.059504	0.062275	
1560	0.059753	0.060241	0.060749	
1565	0.05875	0.060794	0.062331	
1570	0.059655	0.060119	0.06099	
1575	0.059875	0.05911	0.058946	
1580	0.058702	0.059089	0.058637	
1585	0.0582	0.058523	0.061376	
1590	0.058524	0.059548	0.060744	
1595	0.059085	0.057852	0.060816	
1600	0.059625	0.058437	0.0593	
1605	0.058115	0.057524	0.058199	
1610	0.057266	0.058403	0.058095	
1615	0.057756	0.057828	0.057621	
1620	0.058224	0.056668	0.058249	
1625	0.056033	0.058396	0.057591	
1630	0.057124	0.058319	0.059136	
1635	0.05647	0.056755	0.056248	
1640	0.056396	0.056035	0.058145	
1645	0.056926	0.05668	0.057703	
1650	0.056677	0.056375	0.055734	
1655	0.056112	0.055565	0.057393	
1660	0.056437	0.056743	0.055474	
1665	0.056162	0.057842	0.055197	
1670	0.056791	0.056882	0.054682	
1675	0.05517	0.057511	0.057829	
1680	0.056042	0.055951	0.056013	
1685	0.055046	0.055506	0.055789	
1690	0.055466	0.056154	0.056668	
1695	0.052796	0.05478	0.05426	
1700	0.053977	0.055151	0.055859	
1705	0.055276	0.055191	0.054415	
1710	0.054304	0.055735	0.055915	
1715	0.055003	0.055126	0.055647	
1720	0.056299	0.054365	0.055065	
1725	0.054892	0.053693	0.053074	
1730	0.054859	0.055032	0.053913	
1735	0.05509	0.053299	0.053347	
1740	0.053196	0.053743	0.054628	
1745	0.055358	0.053809	0.055492	
1750	0.054273	0.051681	0.052569	
1755	0.051955	0.052727	0.051399	
1760	0.051702	0.056459	0.053072	
1765	0.051775	0.053617	0.052327	
1770	0.050783	0.049435	0.053213	
1775	0.052886	0.050329	0.052843	
1780	0.053146	0.053183	0.052353	
1785	0.052303	0.05155	0.052902	
1790	0.051539	0.051502	0.051523	
1795	0.049209	0.052864	0.052825	
1800	0.050758	0.052972	0.052867	
