Wavelength (nm)	T_VETRO	R VETRO
	%T	
1800	90.1654129	8.057408333
1796	90.17140961	8.042943954
1792	90.18011475	8.037349701
1788	90.1840744	8.045378685
1784	90.18387604	8.04923439
1780	90.19087219	8.05854702
1776	90.19855499	8.059904099
1772	90.19910431	8.068198204
1768	90.20346832	8.068695068
1764	90.21386719	8.071393013
1760	90.21629333	8.073935509
1756	90.21185303	8.077439308
1752	90.22108459	8.084416389
1748	90.22306061	8.084834099
1744	90.23054504	8.087052345
1740	90.23094177	8.088775635
1736	90.22031403	8.086503983
1732	90.22920227	8.087957382
1728	90.22992706	8.084666252
1724	90.23001862	8.08423996
1720	90.23246765	8.083307266
1716	90.23130798	8.086847305
1712	90.22350311	8.084136963
1708	90.2518158	8.083011627
1704	90.20193481	8.080429077
1700	90.2602005	8.079792023
1696	90.21109772	8.078777313
1692	90.23376465	8.079539299
1688	90.23468018	8.07790947
1684	90.2288208	8.078529358
1680	90.21564484	8.073278427
1676	90.22103882	8.073493004
1672	90.23498535	8.072077751
1668	90.16236877	8.070334435
1664	90.11026001	8.067827225
1660	90.20079041	8.064500809
1656	90.40479279	8.065199852
1652	90.45294189	8.060733795
1648	90.26855469	8.064490318
1644	90.08707428	8.071233749
1640	89.95800018	8.070516586
1636	89.85993958	8.068614006
1632	89.81169128	8.065086365
1628	89.87932587	8.068203926
1624	89.91625214	8.06791687
1620	90.07735443	8.068785667
1616	90.25033569	8.067316055
1612	90.47057343	8.067444801
1608	90.53604126	8.065331459
1604	90.33422852	8.061318398
1600	89.86715698	8.058009148
1596	89.73538208	8.057039261
1592	90.25095367	8.061195374
1588	90.4719162	8.055508614
1584	89.76692963	8.057770729
1580	89.89517212	8.060711861
1576	90.43554688	8.059179306
1572	89.6890564	8.052771568
1568	90.11037445	8.056706429
1564	90.08155823	8.050557137
1560	89.74689484	8.055999756
1556	90.23297119	8.054102898
1552	89.82701111	8.059334755
1548	90.01098633	8.053302765
1544	90.02281952	8.055546761
1540	89.60179901	8.052271843
1536	90.28710938	8.055583
1532	89.71482849	8.054070473
1528	89.58520508	8.051540375
1524	90.21501923	8.056402206
1520	89.98835754	8.051985741
1516	89.3948822	8.050375938
1512	89.48938751	8.042490005
1508	89.76065063	8.044182777
1504	90.09065247	8.044879913
1500	90.10549164	8.047424316
1496	90.04084778	8.047064781
1492	90.00234222	8.042709351
1488	89.99370575	8.043656349
1484	90.00130463	8.041134834
1480	89.96578979	8.042671204
1476	89.92137146	8.038682938
1472	89.79375458	8.041459084
1468	89.34480286	8.035821915
1464	89.08244324	8.031899452
1460	89.44235229	8.039142609
1456	89.85327911	8.030948639
1452	89.35188293	8.036447525
1448	89.14635468	8.031965256
1444	89.76416779	8.030809402
1440	89.0379715	8.024618149
1436	89.44158936	8.02968502
1432	89.12833405	8.024292946
1428	89.33396149	8.023621559
1424	89.00395966	8.020298004
1420	89.51059723	8.023065567
1416	88.78695679	8.015102386
1412	89.27427673	8.024555206
1408	89.37660217	8.019022942
1404	88.86292267	8.012630463
1400	88.80531311	8.022115707
1396	89.13544464	8.016195297
1392	89.35276031	8.016932487
1388	89.36162567	8.024670601
1384	89.26027679	8.019956589
1380	89.22861481	8.007612228
1376	89.15695953	8.012944221
1372	89.30755615	8.023649216
1368	89.37733459	8.01378727
1364	89.29200745	8.023247719
1360	88.94561768	8.022223473
1356	88.59872437	8.011770248
1352	88.9777298	8.007778168
1348	89.20182037	8.013062477
1344	88.57897186	8.007252693
1340	88.95339203	8.006649017
1336	88.86045074	8.005114555
1332	88.66119385	8.006196022
1328	88.9030304	8.008970261
1324	88.8568573	8.004846573
1320	88.48710632	8.003570557
1316	89.07957458	8.001296997
1312	88.77970886	8.000572205
1308	88.36158752	8.001040459
1304	88.53178406	8.002719879
1300	88.88851166	8.001945496
1296	88.94576263	8.001125336
1292	88.94975281	7.997218609
1288	88.93349457	8.00006485
1284	88.9205246	8.000839233
1280	88.73001862	8.000481606
1276	88.48022461	7.997762203
1272	88.21993256	7.997210503
1268	88.53730011	7.996321678
1264	88.81446075	7.9971838
1260	88.25128937	8.001279831
1256	88.50698853	7.992554188
1252	88.48729706	7.994719028
1248	88.50458527	7.99038887
1244	88.3234787	7.996928692
1240	88.69606018	7.989995956
1236	88.33946228	7.992229939
1232	88.13985443	7.99422121
1228	88.42798615	7.992560863
1224	88.63371277	7.9911623
1220	88.6509552	7.991310596
1216	88.62194061	7.992930889
1212	88.61382294	7.988142014
1208	88.5762558	7.989272118
1204	88.33009338	7.992762566
1200	88.09098816	7.988767624
1196	88.17668152	8.00204277
1192	88.54360962	7.999948502
1188	88.03861237	8.000579834
1184	88.53807831	7.997013092
1180	88.00882721	8.003943443
1176	88.49071503	8.000110626
1172	88.25109863	8.004917145
1168	88.01520538	8.004750252
1164	88.30134583	8.004859924
1160	88.40884399	8.00649929
1156	88.45309448	8.009293556
1152	88.45100403	8.009955406
1148	88.39614105	8.014075279
1144	88.27094269	8.017169952
1140	88.01017761	8.018623352
1136	88.12760162	8.021552086
1132	88.36871338	8.024185181
1128	87.97624969	8.02364254
1124	88.35331726	8.024051666
1120	87.99274445	8.025485992
1116	88.18399811	8.02895546
1112	88.30191803	8.030460358
1108	88.1442337	8.03404808
1104	88.00006866	8.035305023
1100	88.01317596	8.040445328
1096	88.07472229	8.042691231
1092	88.14682007	8.046772003
1088	88.2776947	8.051832199
1084	88.06980133	8.055165291
1080	88.07704926	8.058265686
1076	88.21321869	8.057992935
1072	88.07569122	8.061033249
1068	88.13082886	8.064829826
1064	88.22889709	8.07199955
1060	88.17536926	8.069758415
1056	88.16768646	8.072307587
1052	88.16363525	8.074907303
1048	88.18819427	8.074626923
1044	88.21168518	8.076330185
1040	88.07479858	8.084989548
1036	88.10057831	8.086556435
1032	88.16790009	8.090801239
1028	88.11537933	8.089865685
1024	88.11701965	8.095461845
1020	88.17208099	8.103624344
1016	88.17172241	8.105013847
1012	88.17295837	8.10712719
1008	88.18135834	8.114450455
1004	88.15071106	8.112235069
1000	88.12084961	8.117681503
996	88.16766357	8.125613213
992	88.15471649	8.123652458
988	88.17237854	8.130901337
984	88.16899109	8.134524345
980	88.16181183	8.137807846
976	88.17584991	8.139631271
972	88.1988678	8.146174431
968	88.20594025	8.152776718
964	88.19676208	8.155929565
960	88.21901703	8.159640312
956	88.22039032	8.164008141
952	88.22505188	8.171448708
948	88.24046326	8.174136162
944	88.26036835	8.18333149
940	88.2720871	8.18558979
936	88.26425171	8.191318512
932	88.28972626	8.198381424
928	88.30769348	8.205943108
924	88.31903076	8.211964607
920	88.32186127	8.217910767
916	88.34172058	8.222793579
912	88.36043549	8.230751991
908	88.3761673	8.238523483
904	88.38842773	8.247709274
900	88.40483856	8.252577782
896	88.42118835	8.259670258
892	88.43984222	8.270152092
888	88.45635986	8.278467178
884	88.47525024	8.285277367
880	88.49032593	8.293203354
876	88.51824951	8.301883698
872	88.53273773	8.311692238
868	88.55847168	8.320809364
864	88.58126068	8.326893806
860	88.60560608	8.338106155
856	88.63072205	8.346316338
852	88.65543365	8.351223946
848	88.67227936	8.358550072
844	88.69841766	8.368344307
840	88.73020935	8.369842529
836	88.7565155	8.378540993
832	88.78883362	8.387360573
828	88.81020355	8.392695427
824	88.83848572	8.395831108
820	88.87306213	8.402490616
816	88.89637756	8.408120155
812	88.92973328	8.412335396
808	88.9595871	8.419277191
804	88.98892212	8.424417496
800	89.02893829	8.431879044
799	89.04686737	8.430926476
798	89.03883362	8.443303261
797	89.0151062	8.441610489
796	89.01766205	8.452925835
795	89.02584839	8.438876305
794	89.04992676	8.437107239
793	89.08432007	8.440799866
792	89.06581116	8.438461456
791	89.08207703	8.445758018
790	89.19345093	8.451184425
789	89.0956955	8.444420967
788	89.07221985	8.434390221
787	89.12088013	8.450524483
786	89.11526489	8.442926559
785	89.14427948	8.432422791
784	89.14543915	8.452323112
783	89.15760803	8.443173561
782	89.15988922	8.445257339
781	89.16494751	8.440370712
780	89.16770935	8.44413105
779	89.18725586	8.447388802
778	89.22133636	8.446056519
777	89.22340393	8.450394783
776	89.21736908	8.464685593
775	89.21594238	8.45211998
774	89.23241425	8.461875114
773	89.25074005	8.454534683
772	89.24887085	8.465028915
771	89.25389862	8.45049778
770	89.28218842	8.44701973
769	89.29718781	8.467811737
768	89.30540466	8.465519104
767	89.31321716	8.455558929
766	89.32678986	8.453136597
765	89.33283997	8.453700218
764	89.32707214	8.46751133
763	89.33182526	8.456050072
762	89.36108398	8.469041977
761	89.39544678	8.471834335
760	89.37158203	8.470723305
759	89.37052155	8.459544334
758	89.4066925	8.468063507
757	89.41499329	8.466871414
756	89.43202972	8.467486534
755	89.41893005	8.477097664
754	89.44580841	8.457938347
753	89.44243622	8.469733391
752	89.44216919	8.467407379
751	89.46089172	8.47903553
750	89.4648056	8.469288979
749	89.48164368	8.468380127
748	89.49725342	8.472412262
747	89.49855042	8.471470032
746	89.51217651	8.48198143
745	89.52532196	8.476311836
744	89.54724121	8.479009781
743	89.54099274	8.476272736
742	89.55464935	8.479665909
741	89.5611496	8.475261841
740	89.57460785	8.482654724
739	89.570755	8.475890312
738	89.59429169	8.481596146
737	89.59323883	8.48875061
736	89.59082031	8.485795174
735	89.61901855	8.490652237
734	89.63801575	8.489703331
733	89.63358307	8.489811096
732	89.63913727	8.490290794
731	89.64507294	8.4876968
730	89.66801453	8.494856987
729	89.6728363	8.490266953
728	89.68146515	8.490018044
727	89.68852997	8.489885483
726	89.69535828	8.49741951
725	89.69586182	8.503411446
724	89.7212677	8.497396622
723	89.73667908	8.503403816
722	89.72451782	8.48750988
721	89.73586273	8.49503437
720	89.74482727	8.503165398
719	89.7628479	8.501339111
718	89.7674408	8.508928452
717	89.76326752	8.50838295
716	89.77632141	8.500550423
715	89.77966309	8.498622093
714	89.81024933	8.499704514
713	89.81619263	8.506049309
712	89.8239975	8.508111153
711	89.82727814	8.511047516
710	89.82989502	8.504749451
709	89.83370209	8.511297379
708	89.86257935	8.506932411
707	89.86782074	8.504223976
706	89.87444305	8.511067543
705	89.88299561	8.506122742
704	89.8924942	8.508638535
703	89.89825439	8.510295067
702	89.89894104	8.511184845
701	89.92023468	8.509554062
700	89.9185791	8.510457191
699	89.92351532	8.511219177
698	89.94293976	8.513748322
697	89.94458008	8.515139732
696	89.95265961	8.511700783
695	89.9655838	8.51145092
694	89.97090149	8.51486412
693	89.97792053	8.514618073
692	89.98538208	8.513535652
691	89.98496246	8.514278564
690	89.99964142	8.514636192
689	90.02403259	8.518990669
688	90.02185059	8.517601166
687	90.04071045	8.516554985
686	90.0413208	8.518243942
685	90.03863525	8.517057571
684	90.05891418	8.520071182
683	90.05887604	8.515406761
682	90.07054138	8.52179924
681	90.08436584	8.517256889
680	90.08592987	8.517575417
679	90.0843811	8.521185074
678	90.10112	8.527385864
677	90.11443329	8.522052917
676	90.11790466	8.523531113
675	90.1317749	8.524038467
674	90.1348114	8.524196777
673	90.13739014	8.523278389
672	90.15867615	8.525105629
671	90.16429901	8.526960526
670	90.16714478	8.527238045
669	90.17827606	8.53016201
668	90.17613983	8.527132187
667	90.18757629	8.52681366
666	90.18821716	8.52760807
665	90.1949234	8.531151924
664	90.21037292	8.526831779
663	90.22151947	8.534426842
662	90.21663666	8.5310289
661	90.23298645	8.534697685
660	90.22373199	8.531471405
659	90.23522949	8.535624657
658	90.23996735	8.536869202
657	90.26153564	8.532751236
656	90.25808716	8.535640869
655	90.26480103	8.53835598
654	90.27197266	8.539977226
653	90.28349304	8.540991936
652	90.2877121	8.543181572
651	90.28759003	8.542444382
650	90.29611206	8.543487701
649	90.30179596	8.544397507
648	90.30104065	8.541022453
647	90.30469513	8.544588242
646	90.32809448	8.548000488
645	90.33082581	8.547325287
644	90.32520294	8.550636444
643	90.33364105	8.553008232
642	90.34020996	8.554278526
641	90.3480835	8.5519487
640	90.45083618	8.555654678
639	90.46379089	8.554459724
638	90.47244263	8.558622513
637	90.47587585	8.558636818
636	90.4043045	8.561169777
635	90.38722229	8.563425217
634	90.39137268	8.565563354
633	90.38539886	8.562813911
632	90.39933014	8.570074234
631	90.41274261	8.569283638
630	90.42155457	8.569375191
629	90.42715454	8.573053513
628	90.43209076	8.576536331
627	90.43544769	8.57546917
626	90.4420166	8.57492939
625	90.4416275	8.578129921
624	90.44874573	8.579523239
623	90.46674347	8.576702271
622	90.46147156	8.590346489
621	90.47099304	8.585012589
620	90.4770813	8.58746067
619	90.48256683	8.590100441
618	90.4868927	8.584695969
617	90.4863739	8.589673195
616	90.50110626	8.588403854
615	90.5065155	8.592659149
614	90.50962067	8.592823181
613	90.52376556	8.588827286
612	90.52589417	8.595029984
611	90.52310944	8.596901093
610	90.53575134	8.592443619
609	90.53030396	8.600626144
608	90.5275116	8.599771652
607	90.54174805	8.601164017
606	90.5508194	8.605219994
605	90.65755463	8.605389748
604	90.65578461	8.606417809
603	90.58145142	8.608018074
602	90.66986084	8.608942184
601	90.58259583	8.615352783
600	90.68185425	8.61527935
599	90.58805084	8.623887215
598	90.69256592	8.628036652
597	90.69786072	8.629542503
596	90.69332123	8.629851494
595	90.71174622	8.632418785
594	90.61395264	8.639362488
593	90.70675659	8.643301163
592	90.71710968	8.644724998
591	90.63069916	8.6511623
590	90.73383331	8.654560242
589	90.63056946	8.659135971
588	90.74047089	8.662567291
587	90.74045563	8.665802155
586	90.6470871	8.668587837
585	90.69811249	8.674351845
584	90.7532959	8.677276764
583	90.75801086	8.682005081
582	90.66677094	8.678155098
581	90.64665222	8.683165703
580	90.77651215	8.689453278
579	90.75986481	8.694054756
578	90.77928162	8.698360596
577	90.77394104	8.698290024
576	90.68553162	8.697890434
575	90.66456604	8.706482086
574	90.67937469	8.701267395
573	90.6647644	8.702107582
572	90.6567688	8.703607712
571	90.79792786	8.70522419
570	90.80779266	8.713124428
569	90.67333221	8.69007412
568	90.67475891	8.69440094
567	90.67602539	8.699349556
566	90.69399261	8.691348228
565	90.6839447	8.700240288
564	90.66539764	8.700242195
563	90.68206024	8.702812347
562	90.68013	8.709033165
561	90.68981171	8.704014931
560	90.68136597	8.706571732
559	90.68752289	8.709272537
558	90.68453979	8.708159599
557	90.70118713	8.712043915
556	90.69340515	8.710573349
555	90.69863892	8.716703568
554	90.69281006	8.714613113
553	90.68658447	8.717723999
552	90.68447876	8.715078506
551	90.68637085	8.721122894
550	90.70082855	8.720296059
549	90.68858337	8.723638687
548	90.6882782	8.724602852
547	90.69151306	8.725289497
546	90.69225311	8.726537857
545	90.68641663	8.724322472
544	90.69184875	8.724819336
543	90.67533875	8.724445496
542	90.69313812	8.730590019
541	90.69329834	8.729152832
540	90.69589996	8.732083473
539	90.68864441	8.733685646
538	90.69595337	8.731182251
537	90.683815	8.733971748
536	90.68138885	8.730898056
535	90.68057251	8.733795319
534	90.67379761	8.733542595
533	90.68795776	8.735875282
532	90.68024445	8.739847336
531	90.68315887	8.739443932
530	90.65934753	8.73872963
529	90.670784	8.743662033
528	90.67649078	8.746339951
527	90.67576599	8.739376221
526	90.66182709	8.75149456
525	90.6519165	8.749513779
524	90.66919708	8.755957756
523	90.67422485	8.755350266
522	90.66368103	8.751703415
521	90.66033936	8.758671913
520	90.6522522	8.759882126
519	90.65393066	8.762509499
518	90.65670776	8.758694801
517	90.64625549	8.762132797
516	90.64640808	8.759999428
515	90.64148712	8.764584694
514	90.62760162	8.758797798
513	90.62966919	8.770495567
512	90.6268158	8.771354828
511	90.63864899	8.771224174
510	90.61908722	8.774488602
509	90.63067627	8.770357285
508	90.61826324	8.770420227
507	90.60487366	8.76674572
506	90.60984039	8.775136147
505	90.60457611	8.775086555
504	90.58769989	8.774494324
503	90.59280396	8.780802879
502	90.58143616	8.780471001
501	90.57287598	8.786996994
500	90.58007813	8.787503395
499	90.57357025	8.790971909
498	90.57365417	8.788248215
497	90.5683136	8.792157326
496	90.56268311	8.792723808
495	90.55765533	8.799483452
494	90.55858612	8.796854172
493	90.54820251	8.798003349
492	90.5406723	8.793497238
491	90.53298187	8.805968437
490	90.52157593	8.800488625
489	90.52244568	8.802638206
488	90.51452637	8.805260811
487	90.52032471	8.806842003
486	90.50371552	8.809973869
485	90.50016785	8.809319649
484	90.50787354	8.810379181
483	90.49190521	8.811547432
482	90.47587585	8.812153969
481	90.47032928	8.819650803
480	90.48316956	8.82145134
479	90.47560883	8.819849167
478	90.4597702	8.825712357
477	90.4620285	8.825261269
476	90.44145203	8.829967651
475	90.454422	8.829878006
474	90.44021606	8.833217773
473	90.41343689	8.83444706
472	90.41059875	8.835382614
471	90.41558838	8.839546356
470	90.41120911	8.84120575
469	90.39900208	8.843027267
468	90.39627075	8.840448532
467	90.389328	8.848898087
466	90.37078857	8.84741703
465	90.36261749	8.84990612
464	90.36413574	8.850655708
463	90.34267426	8.855253372
462	90.33190918	8.85695282
461	90.32870483	8.856726799
460	90.31973267	8.859511528
459	90.30471039	8.860575829
458	90.29381561	8.859367523
457	90.26826477	8.864194069
456	90.26091766	8.863528404
455	90.25354004	8.864586029
454	90.2403717	8.873323593
453	90.22479248	8.87138382
452	90.20082092	8.871891174
451	90.19021606	8.878190193
450	90.3007431	8.878575478
449	90.28768158	8.884255562
448	90.28217316	8.88387886
447	90.18525696	8.885266457
446	90.12551117	8.881505165
445	90.10227966	8.88687149
444	90.07953644	8.895871315
443	90.20529938	8.898965988
442	90.19284821	8.898368988
441	90.19448853	8.904207382
440	90.08362579	8.904128227
439	90.05196381	8.905922089
438	90.14548492	8.915383492
437	90.17113495	8.921015892
436	90.16307831	8.923498306
435	90.06098175	8.924860153
434	90.02798462	8.929960403
433	90.16849518	8.931519661
432	90.0515213	8.945481453
431	90.01556396	8.944855843
430	90.15520477	8.951527748
429	90.15395355	8.955710564
428	90.02420807	8.965971146
427	90.00592041	8.96794239
426	90.1402359	8.967387352
425	90.11975098	8.977059517
424	90.00497437	8.981737289
423	89.97403717	8.983788643
422	90.10324097	8.992983017
421	89.99671173	8.992880974
420	89.95493317	8.998783264
419	90.10028839	9.005319748
418	89.96042633	9.012552414
417	89.95079803	9.015445862
416	90.09102631	9.026052628
415	90.08657074	9.031478081
414	89.95743561	9.035267982
413	89.94998932	9.042042885
412	89.94669342	9.049039993
411	90.08454132	9.052309189
410	90.08381653	9.054657135
409	89.96837616	9.065555725
408	89.94398499	9.074114952
407	89.95852661	9.069631729
406	89.96391296	9.081780586
405	90.10773468	9.078343544
404	90.08466339	9.092681084
403	89.95049286	9.096549187
402	89.93347168	9.098042641
401	89.91381073	9.102017555
400	89.8938446	9.103554878
399	90.01882172	9.105485115
398	90.00180054	9.108972702
397	89.84580231	9.118870888
396	89.8080368	9.121253166
395	89.76769257	9.116806183
394	89.72356415	9.122719917
393	89.68252563	9.112822685
392	89.76002502	9.121668968
391	89.70167542	9.118397865
390	89.51578522	9.123251114
389	89.41272736	9.113308105
388	89.36471558	9.113509331
387	89.26439667	9.108762894
386	89.16804504	9.109676514
385	89.07665253	9.09742466
384	89.12210083	9.102140579
383	89.04889679	9.095585022
382	88.99312592	9.094856415
381	88.92458344	9.096637878
380	88.80267334	9.106165085
379	88.78292084	9.113858376
378	88.80764008	9.121447716
377	88.87184906	9.126064453
376	88.91585541	9.141417656
375	89.12327576	9.153893623
374	89.17009735	9.170249138
373	89.22720337	9.182130013
372	89.13611603	9.189873848
371	89.13163757	9.206097755
370	89.14131165	9.208496246
369	89.09879303	9.208682213
368	89.2073288	9.219076309
367	89.16457367	9.219020042
366	88.99842834	9.22303215
365	88.90630341	9.220594559
364	88.82575226	9.220916901
363	88.88141632	9.223287735
362	88.65684509	9.212805901
361	88.53000641	9.211472664
360	88.40250397	9.20528904
359	88.42177582	9.198866997
358	88.16216278	9.196171913
357	87.96976471	9.185905609
356	87.91700745	9.17385498
355	87.62026978	9.169565353
354	87.54085541	9.149688873
353	87.17759705	9.134452019
352	86.90141296	9.120165024
351	86.77238464	9.098354492
350	86.35788727	9.074917946
349	86.16802216	9.119387779
348	85.77448273	9.110470924
347	85.33599854	9.054275665
346	84.85857391	8.999004517
345	84.34584045	8.982637558
344	83.85774231	8.927096519
343	83.33885956	8.874082718
342	82.74300385	8.815783653
341	82.15529633	8.749769363
340	81.48334503	8.692105446
339	80.75901794	8.645489845
338	79.89906311	8.575505409
337	79.0062561	8.488993797
336	77.89994812	8.388429794
335	76.96460724	8.303874168
334	75.86940002	8.194444809
333	74.6616745	8.08811203
332	73.3610611	7.964496765
331	72.01771545	7.845516357
330	70.52305603	7.728864822
329	68.96419525	7.578162346
328	67.31289673	7.428026352
327	65.57111359	7.280013237
326	63.71685791	7.124267254
325	61.75627899	6.947762642
324	59.73436356	6.787824306
323	57.62323761	6.619361076
322	55.4095993	6.441148434
321	53.06525803	6.258905563
320	50.72041702	6.112503681
319	48.26892471	5.933197651
318	45.76988983	5.766573582
317	43.1967659	5.602810059
316	40.59964371	5.445062313
315	37.98926544	5.295228634
314	35.34100342	5.15414444
313	32.6799469	5.012415085
312	30.05092239	4.890055332
311	27.46437454	4.79001585
310	24.92876053	4.682606373
309	22.4572258	4.583969269
308	20.1466465	4.514897022
307	17.86987686	4.457781467
306	15.72669888	4.399836693
305	13.72520447	4.353343163
304	11.87893105	4.315174732
303	10.16810513	4.289113197
302	8.633973122	4.278308067
301	7.249279976	4.25419632
300	6.030945301	4.24671999
299	4.946835041	4.246101055
298	4.022229671	4.234516773
297	3.224270105	4.242864761
296	2.548047304	4.245754871
295	1.991549492	4.243694935
294	1.529416561	4.238124523
293	1.159407377	4.249778423
292	0.8659518957	4.245187435
291	0.6367486119	4.251430187
290	0.4601760805	4.261256847
289	0.3275737762	4.262738857
288	0.2286110371	4.259563599
287	0.1569028497	4.263798866
286	0.1046850085	4.280461464
285	0.06816855073	4.283117447
284	0.04309861362	4.286463413
283	0.0255950056	4.301407967
282	0.01406119671	4.297682915
281	0.006734481547	4.315454159
280	0.001846289728	4.308583889
279	0.00152402604	4.317351494
278	0.003420229768	4.329692516
277	0.004626815207	4.329821739
276	0.005349304527	4.33773056
275	0.005653660744	4.336296234
274	0.006044781301	4.347002659
273	0.006224349607	4.359764729
272	0.006207948085	4.358163509
271	0.006186912768	4.363276157
270	0.006419372279	4.379726563
269	0.006372715812	4.382156525
268	0.006402189378	4.385624084
267	0.006291123107	4.396452103
266	0.006706657819	4.396864567
265	0.006758515723	4.403499279
264	0.00659014564	4.411158237
263	0.006498560775	4.416958485
262	0.006473263726	4.427311573
261	0.006479305215	4.423430595
260	0.006465452258	4.434732113
259	0.006448122673	4.443626556
258	0.006467662752	4.443362865
257	0.006500907242	4.467108879
256	0.006497135386	4.45744482
255	0.006327188108	4.46193758
254	0.006478046067	4.477251205
253	0.006410959177	4.480737362
252	0.006605978124	4.485523376
251	0.006577293854	4.490657959
250	0.00656894641	4.500982437
249	0.006658826955	4.509771976
248	0.006667031441	4.524465714
247	0.006444031838	4.520587597
246	0.006474095397	4.538828526
245	0.006445760839	4.545616302
244	0.00635793386	4.557006035
243	0.006527238991	4.557684097
242	0.006578640081	4.57416502
241	0.006619914901	4.580194626
240	0.006767376792	4.588759575
239	0.006614969578	4.605700645
238	0.006668291986	4.611311111
237	0.006600456312	4.62113205
236	0.006553550251	4.618315372
235	0.006568272598	4.637321148
234	0.006705380511	4.649146709
233	0.006480146665	4.656513367
232	0.006457122974	4.662795696
231	0.006427649874	4.677292976
230	0.006457924843	4.689710293
229	0.006368297152	4.691451702
228	0.006256598979	4.69819561
227	0.006336499006	4.710581455
226	0.006065649912	4.720856342
225	0.006069834344	4.742378387
224	0.00609637145	4.741069946
223	0.005741829053	4.749486599
222	0.005809402559	4.761994038
221	0.005672207568	4.768874321
220	0.005466062576	4.787511024
219	0.005296171177	4.803954277
218	0.005192871671	4.810835991
217	0.00501592597	4.809949074
216	0.004981387872	4.828066025
215	0.004730848595	4.852596436
214	0.004390241578	4.862476025
213	0.004409844056	4.882754478
212	0.004199637566	4.886982117
211	0.003920963965	4.896014366
210	0.003712606849	4.909307156
209	0.003824529005	4.936331425
208	0.003371976782	4.945709381
207	0.003062301781	4.977836761
206	0.002685765736	4.983128223
205	0.002718566218	5.005220089
204	0.002460889285	5.028414402
203	0.00193635223	5.044305477
202	0.001611842192	5.057232533
201	0.001545872889	5.087846432
200	9.754950879E-4	5.111931477
