
Wavelength	Gen uRb 0°	Gen uRb 5°	Gen uRb 10°	Gen uRb 15°	Gen uRb 20°	Gen uRb 25°	Gen uRb 30°	Gen uRb 35°	Gen uRb 40°	Gen uRb 45°
l	0	5	10	15	20	25	30	35	40	45	
0.3	0.096114	0.096116	0.096139	0.096241	0.096532	0.097189	0.098488	0.10086	0.10496	0.11182	
0.302	0.095869	0.09587	0.095893	0.095996	0.096287	0.096943	0.098243	0.10062	0.10472	0.11158	
0.304	0.095629	0.095631	0.095653	0.095756	0.096047	0.096703	0.098003	0.10038	0.10448	0.11135	
0.306	0.095394	0.095396	0.095419	0.095522	0.095812	0.096469	0.097769	0.10014	0.10425	0.11112	
0.308	0.095165	0.095166	0.095189	0.095292	0.095583	0.096239	0.09754	0.099913	0.10402	0.11089	
0.31	0.09494	0.094942	0.094965	0.095067	0.095358	0.096015	0.097315	0.099689	0.1038	0.11067	
0.312	0.09472	0.094722	0.094745	0.094848	0.095138	0.095795	0.097096	0.09947	0.10358	0.11045	
0.314	0.094505	0.094507	0.09453	0.094632	0.094923	0.09558	0.096881	0.099255	0.10337	0.11024	
0.316	0.094295	0.094296	0.094319	0.094422	0.094713	0.095369	0.09667	0.099045	0.10316	0.11003	
0.318	0.094088	0.09409	0.094113	0.094216	0.094506	0.095163	0.096464	0.098839	0.10295	0.10983	
0.32	0.093886	0.093888	0.093911	0.094014	0.094304	0.094961	0.096262	0.098638	0.10275	0.10963	
0.322	0.093689	0.09369	0.093713	0.093816	0.094107	0.094763	0.096064	0.09844	0.10255	0.10944	
0.324	0.093495	0.093496	0.093519	0.093622	0.093913	0.094569	0.095871	0.098247	0.10236	0.10924	
0.326	0.093305	0.093306	0.093329	0.093432	0.093723	0.09438	0.095681	0.098057	0.10217	0.10906	
0.328	0.093119	0.09312	0.093143	0.093246	0.093537	0.094194	0.095495	0.097871	0.10199	0.10887	
0.33	0.092937	0.092938	0.092961	0.093064	0.093354	0.094011	0.095312	0.097689	0.10181	0.10869	
0.332	0.092758	0.092759	0.092782	0.092885	0.093176	0.093832	0.095134	0.097511	0.10163	0.10852	
0.334	0.092582	0.092584	0.092607	0.09271	0.093	0.093657	0.094958	0.097336	0.10145	0.10834	
0.336	0.092411	0.092412	0.092435	0.092538	0.092828	0.093485	0.094787	0.097164	0.10128	0.10817	
0.338	0.092242	0.092244	0.092266	0.092369	0.09266	0.093317	0.094618	0.096996	0.10112	0.10801	
0.34	0.092077	0.092078	0.092101	0.092204	0.092495	0.093151	0.094453	0.096831	0.10095	0.10784	
0.342	0.091915	0.091916	0.091939	0.092042	0.092332	0.092989	0.094291	0.096669	0.10079	0.10768	
0.344	0.091756	0.091757	0.09178	0.091883	0.092173	0.09283	0.094132	0.09651	0.10063	0.10753	
0.346	0.091599	0.091601	0.091624	0.091726	0.092017	0.092674	0.093975	0.096354	0.10048	0.10737	
0.348	0.091446	0.091448	0.091471	0.091573	0.091864	0.092521	0.093822	0.096201	0.10032	0.10722	
0.35	0.091296	0.091297	0.09132	0.091423	0.091714	0.09237	0.093672	0.09605	0.10017	0.10707	
0.352	0.091148	0.09115	0.091173	0.091275	0.091566	0.092223	0.093524	0.095903	0.10003	0.10692	
0.354	0.091003	0.091005	0.091028	0.09113	0.091421	0.092078	0.093379	0.095758	0.099881	0.10678	
0.356	0.090861	0.090863	0.090885	0.090988	0.091279	0.091935	0.093237	0.095616	0.099739	0.10664	
0.358	0.090721	0.090723	0.090746	0.090848	0.091139	0.091796	0.093097	0.095476	0.0996	0.1065	
0.36	0.090584	0.090586	0.090609	0.090711	0.091002	0.091658	0.09296	0.095339	0.099463	0.10637	
0.362	0.090449	0.090451	0.090474	0.090576	0.090867	0.091523	0.092825	0.095204	0.099329	0.10623	
0.364	0.090317	0.090318	0.090341	0.090444	0.090734	0.091391	0.092693	0.095072	0.099197	0.1061	
0.366	0.090187	0.090188	0.090211	0.090314	0.090604	0.091261	0.092562	0.094942	0.099067	0.10597	
0.368	0.090059	0.090061	0.090083	0.090186	0.090476	0.091133	0.092435	0.094814	0.098939	0.10584	
0.37	0.089933	0.089935	0.089958	0.09006	0.090351	0.091007	0.092309	0.094688	0.098814	0.10572	
0.372	0.08981	0.089811	0.089834	0.089937	0.090227	0.090884	0.092185	0.094565	0.098691	0.1056	
0.374	0.089689	0.08969	0.089713	0.089815	0.090106	0.090762	0.092064	0.094443	0.098569	0.10548	
0.376	0.089569	0.089571	0.089594	0.089696	0.089987	0.090643	0.091944	0.094324	0.09845	0.10536	
0.378	0.089452	0.089453	0.089476	0.089579	0.089869	0.090526	0.091827	0.094207	0.098333	0.10524	
0.38	0.089337	0.089338	0.089361	0.089463	0.089754	0.09041	0.091712	0.094091	0.098218	0.10513	
0.382	0.089223	0.089225	0.089248	0.08935	0.08964	0.090297	0.091598	0.093978	0.098105	0.10502	
0.384	0.089112	0.089113	0.089136	0.089238	0.089529	0.090185	0.091486	0.093866	0.097993	0.1049	
0.386	0.089002	0.089003	0.089026	0.089129	0.089419	0.090075	0.091377	0.093756	0.097884	0.1048	
0.388	0.088894	0.088895	0.088918	0.089021	0.089311	0.089967	0.091269	0.093648	0.097776	0.10469	
0.39	0.088788	0.088789	0.088812	0.088914	0.089205	0.089861	0.091162	0.093542	0.09767	0.10458	
0.392	0.088683	0.088685	0.088708	0.08881	0.0891	0.089756	0.091058	0.093438	0.097565	0.10448	
0.394	0.08858	0.088582	0.088605	0.088707	0.088997	0.089654	0.090955	0.093335	0.097463	0.10438	
0.396	0.088479	0.088481	0.088504	0.088606	0.088896	0.089552	0.090854	0.093233	0.097361	0.10428	
0.398	0.08838	0.088381	0.088404	0.088506	0.088797	0.089453	0.090754	0.093134	0.097262	0.10418	
0.4	0.088282	0.088283	0.088306	0.088408	0.088699	0.089355	0.090656	0.093036	0.097164	0.10408	
0.402	0.088185	0.088187	0.088209	0.088312	0.088602	0.089258	0.090559	0.092939	0.097067	0.10398	
0.404	0.08809	0.088092	0.088114	0.088217	0.088507	0.089163	0.090464	0.092844	0.096972	0.10389	
0.406	0.087997	0.087998	0.088021	0.088123	0.088413	0.089069	0.09037	0.09275	0.096879	0.1038	
0.408	0.087904	0.087906	0.087929	0.088031	0.088321	0.088977	0.090278	0.092658	0.096787	0.1037	
0.41	0.087814	0.087815	0.087838	0.08794	0.088231	0.088886	0.090187	0.092567	0.096696	0.10361	
0.412	0.087724	0.087726	0.087749	0.087851	0.088141	0.088797	0.090098	0.092478	0.096607	0.10352	
0.414	0.087636	0.087638	0.087661	0.087763	0.088053	0.088709	0.09001	0.09239	0.096519	0.10344	
0.416	0.08755	0.087551	0.087574	0.087676	0.087966	0.088622	0.089923	0.092303	0.096432	0.10335	
0.418	0.087464	0.087466	0.087489	0.087591	0.087881	0.088537	0.089838	0.092217	0.096347	0.10326	
0.42	0.08738	0.087382	0.087405	0.087507	0.087797	0.088452	0.089753	0.092133	0.096262	0.10318	
0.422	0.087297	0.087299	0.087322	0.087424	0.087714	0.08837	0.08967	0.09205	0.096179	0.1031	
0.424	0.087216	0.087217	0.08724	0.087342	0.087632	0.088288	0.089589	0.091968	0.096098	0.10302	
0.426	0.087135	0.087137	0.087159	0.087262	0.087552	0.088207	0.089508	0.091888	0.096017	0.10294	
0.428	0.087056	0.087057	0.08708	0.087182	0.087472	0.088128	0.089428	0.091808	0.095938	0.10286	
0.43	0.086978	0.086979	0.087002	0.087104	0.087394	0.08805	0.08935	0.09173	0.095859	0.10278	
0.432	0.086901	0.086902	0.086925	0.087027	0.087317	0.087972	0.089273	0.091652	0.095782	0.1027	
0.434	0.086825	0.086826	0.086849	0.086951	0.087241	0.087896	0.089197	0.091576	0.095706	0.10263	
0.436	0.08675	0.086751	0.086774	0.086876	0.087166	0.087821	0.089122	0.091501	0.095631	0.10255	
0.438	0.086676	0.086677	0.0867	0.086802	0.087092	0.087747	0.089048	0.091427	0.095557	0.10248	
0.44	0.086603	0.086604	0.086627	0.086729	0.087019	0.087674	0.088975	0.091354	0.095484	0.10241	
0.442	0.086531	0.086533	0.086555	0.086658	0.086947	0.087603	0.088903	0.091282	0.095412	0.10233	
0.444	0.08646	0.086462	0.086484	0.086587	0.086876	0.087532	0.088832	0.091211	0.095341	0.10226	
0.446	0.08639	0.086392	0.086415	0.086517	0.086807	0.087462	0.088762	0.091141	0.095271	0.10219	
0.448	0.086321	0.086323	0.086346	0.086448	0.086738	0.087393	0.088693	0.091072	0.095202	0.10212	
0.45	0.086253	0.086255	0.086278	0.08638	0.08667	0.087325	0.088625	0.091004	0.095134	0.10206	
0.452	0.086186	0.086188	0.086211	0.086313	0.086602	0.087257	0.088558	0.090937	0.095067	0.10199	
0.454	0.08612	0.086122	0.086144	0.086247	0.086536	0.087191	0.088491	0.09087	0.095001	0.10192	
0.456	0.086055	0.086056	0.086079	0.086181	0.086471	0.087126	0.088426	0.090805	0.094935	0.10186	
0.458	0.08599	0.085992	0.086015	0.086117	0.086406	0.087061	0.088361	0.09074	0.094871	0.10179	
0.46	0.085927	0.085928	0.085951	0.086053	0.086343	0.086998	0.088298	0.090677	0.094807	0.10173	
0.462	0.085864	0.085866	0.085888	0.08599	0.08628	0.086935	0.088235	0.090614	0.094744	0.10167	
0.464	0.085802	0.085804	0.085826	0.085928	0.086218	0.086873	0.088173	0.090552	0.094682	0.10161	
0.466	0.085741	0.085742	0.085765	0.085867	0.086157	0.086812	0.088111	0.09049	0.094621	0.10154	
0.468	0.085681	0.085682	0.085705	0.085807	0.086096	0.086751	0.088051	0.09043	0.09456	0.10148	
0.47	0.085621	0.085622	0.085645	0.085747	0.086037	0.086692	0.087991	0.09037	0.0945	0.10142	
0.472	0.085562	0.085564	0.085586	0.085688	0.085978	0.086633	0.087932	0.090311	0.094441	0.10137	
0.474	0.085504	0.085506	0.085528	0.08563	0.08592	0.086575	0.087874	0.090253	0.094383	0.10131	
0.476	0.085447	0.085448	0.085471	0.085573	0.085863	0.086517	0.087817	0.090195	0.094326	0.10125	
0.478	0.08539	0.085392	0.085414	0.085516	0.085806	0.08646	0.08776	0.090139	0.094269	0.10119	
0.48	0.085334	0.085336	0.085358	0.08546	0.08575	0.086404	0.087704	0.090083	0.094213	0.10114	
0.482	0.085279	0.08528	0.085303	0.085405	0.085695	0.086349	0.087649	0.090027	0.094157	0.10108	
0.484	0.085224	0.085226	0.085249	0.085351	0.08564	0.086295	0.087594	0.089972	0.094103	0.10103	
0.486	0.085171	0.085172	0.085195	0.085297	0.085586	0.086241	0.08754	0.089918	0.094049	0.10097	
0.488	0.085117	0.085119	0.085142	0.085244	0.085533	0.086187	0.087487	0.089865	0.093995	0.10092	
0.49	0.085065	0.085066	0.085089	0.085191	0.08548	0.086135	0.087434	0.089812	0.093942	0.10087	
0.492	0.085013	0.085014	0.085037	0.085139	0.085428	0.086083	0.087382	0.08976	0.09389	0.10082	
0.494	0.084961	0.084963	0.084986	0.085088	0.085377	0.086031	0.08733	0.089709	0.093839	0.10076	
0.496	0.084911	0.084912	0.084935	0.085037	0.085326	0.085981	0.08728	0.089658	0.093788	0.10071	
0.498	0.084861	0.084862	0.084885	0.084987	0.085276	0.08593	0.087229	0.089608	0.093738	0.10066	
0.5	0.084811	0.084813	0.084835	0.084937	0.085227	0.085881	0.08718	0.089558	0.093688	0.10061	
0.502	0.084762	0.084764	0.084786	0.084888	0.085178	0.085832	0.087131	0.089509	0.093639	0.10057	
0.504	0.084714	0.084715	0.084738	0.08484	0.085129	0.085783	0.087082	0.08946	0.09359	0.10052	
0.506	0.084666	0.084667	0.08469	0.084792	0.085081	0.085736	0.087034	0.089412	0.093542	0.10047	
0.508	0.084619	0.08462	0.084643	0.084745	0.085034	0.085688	0.086987	0.089365	0.093495	0.10042	
0.51	0.084572	0.084573	0.084596	0.084698	0.084987	0.085641	0.08694	0.089318	0.093448	0.10037	
0.512	0.084526	0.084527	0.08455	0.084652	0.084941	0.085595	0.086894	0.089272	0.093402	0.10033	
0.514	0.08448	0.084482	0.084504	0.084606	0.084895	0.085549	0.086848	0.089226	0.093356	0.10028	
0.516	0.084435	0.084437	0.084459	0.084561	0.08485	0.085504	0.086803	0.089181	0.093311	0.10024	
0.518	0.08439	0.084392	0.084415	0.084516	0.084806	0.08546	0.086758	0.089136	0.093266	0.10019	
0.52	0.084346	0.084348	0.08437	0.084472	0.084761	0.085415	0.086714	0.089092	0.093222	0.10015	
0.522	0.084303	0.084304	0.084327	0.084429	0.084718	0.085372	0.08667	0.089048	0.093178	0.1001	
0.524	0.084259	0.084261	0.084284	0.084386	0.084675	0.085329	0.086627	0.089005	0.093134	0.10006	
0.526	0.084217	0.084218	0.084241	0.084343	0.084632	0.085286	0.086584	0.088962	0.093092	0.10002	
0.528	0.084175	0.084176	0.084199	0.084301	0.08459	0.085244	0.086542	0.088919	0.093049	0.099976	
0.53	0.084133	0.084134	0.084157	0.084259	0.084548	0.085202	0.0865	0.088877	0.093007	0.099935	
0.532	0.084092	0.084093	0.084116	0.084218	0.084507	0.08516	0.086459	0.088836	0.092966	0.099893	
0.534	0.084051	0.084052	0.084075	0.084177	0.084466	0.085119	0.086418	0.088795	0.092925	0.099852	
0.536	0.08401	0.084012	0.084034	0.084136	0.084425	0.085079	0.086377	0.088754	0.092884	0.099812	
0.538	0.08397	0.083972	0.083994	0.084096	0.084385	0.085039	0.086337	0.088714	0.092844	0.099772	
0.54	0.083931	0.083932	0.083955	0.084057	0.084346	0.084999	0.086297	0.088675	0.092804	0.099732	
0.542	0.083892	0.083893	0.083916	0.084018	0.084307	0.08496	0.086258	0.088635	0.092765	0.099693	
0.544	0.083853	0.083854	0.083877	0.083979	0.084268	0.084921	0.086219	0.088596	0.092726	0.099654	
0.546	0.083814	0.083816	0.083839	0.08394	0.084229	0.084883	0.086181	0.088558	0.092688	0.099615	
0.548	0.083777	0.083778	0.083801	0.083903	0.084191	0.084845	0.086143	0.08852	0.092649	0.099577	
0.55	0.083739	0.08374	0.083763	0.083865	0.084154	0.084807	0.086105	0.088482	0.092612	0.09954	
0.552	0.083702	0.083703	0.083726	0.083828	0.084117	0.08477	0.086068	0.088445	0.092574	0.099502	
0.554	0.083665	0.083667	0.083689	0.083791	0.08408	0.084733	0.086031	0.088408	0.092538	0.099465	
0.556	0.083629	0.08363	0.083653	0.083755	0.084044	0.084697	0.085995	0.088372	0.092501	0.099429	
0.558	0.083593	0.083594	0.083617	0.083719	0.084007	0.084661	0.085959	0.088335	0.092465	0.099393	
0.56	0.083557	0.083558	0.083581	0.083683	0.083972	0.084625	0.085923	0.0883	0.092429	0.099357	
0.562	0.083522	0.083523	0.083546	0.083648	0.083936	0.08459	0.085887	0.088264	0.092393	0.099322	
0.564	0.083487	0.083488	0.083511	0.083613	0.083901	0.084555	0.085852	0.088229	0.092358	0.099286	
0.566	0.083452	0.083454	0.083476	0.083578	0.083867	0.08452	0.085818	0.088194	0.092324	0.099252	
0.568	0.083418	0.083419	0.083442	0.083544	0.083833	0.084486	0.085783	0.08816	0.092289	0.099217	
0.57	0.083384	0.083385	0.083408	0.08351	0.083799	0.084452	0.085749	0.088126	0.092255	0.099183	
0.572	0.08335	0.083352	0.083374	0.083476	0.083765	0.084418	0.085716	0.088092	0.092221	0.099149	
0.574	0.083317	0.083319	0.083341	0.083443	0.083732	0.084385	0.085682	0.088059	0.092188	0.099116	
0.576	0.083284	0.083286	0.083308	0.08341	0.083699	0.084352	0.085649	0.088026	0.092155	0.099083	
0.578	0.083251	0.083253	0.083276	0.083377	0.083666	0.084319	0.085617	0.087993	0.092122	0.09905	
0.58	0.083219	0.083221	0.083243	0.083345	0.083634	0.084287	0.085584	0.08796	0.092089	0.099018	
0.582	0.083187	0.083189	0.083211	0.083313	0.083602	0.084255	0.085552	0.087928	0.092057	0.098986	
0.584	0.083155	0.083157	0.08318	0.083281	0.08357	0.084223	0.08552	0.087896	0.092025	0.098954	
0.586	0.083124	0.083125	0.083148	0.08325	0.083539	0.084192	0.085489	0.087865	0.091994	0.098922	
0.588	0.083093	0.083094	0.083117	0.083219	0.083507	0.08416	0.085458	0.087834	0.091962	0.098891	
0.59	0.083062	0.083064	0.083086	0.083188	0.083477	0.08413	0.085427	0.087803	0.091931	0.09886	
0.592	0.083031	0.083033	0.083056	0.083157	0.083446	0.084099	0.085396	0.087772	0.091901	0.098829	
0.594	0.083001	0.083003	0.083025	0.083127	0.083416	0.084069	0.085366	0.087742	0.09187	0.098799	
0.596	0.082971	0.082973	0.082995	0.083097	0.083386	0.084039	0.085336	0.087711	0.09184	0.098769	
0.598	0.082942	0.082943	0.082966	0.083067	0.083356	0.084009	0.085306	0.087682	0.09181	0.098739	
0.6	0.082912	0.082914	0.082936	0.083038	0.083326	0.083979	0.085276	0.087652	0.091781	0.098709	
0.602	0.082883	0.082884	0.082907	0.083009	0.083297	0.08395	0.085247	0.087623	0.091751	0.09868	
0.604	0.082854	0.082855	0.082878	0.08298	0.083268	0.083921	0.085218	0.087594	0.091722	0.098651	
0.606	0.082825	0.082827	0.082849	0.082951	0.08324	0.083893	0.085189	0.087565	0.091694	0.098622	
0.608	0.082797	0.082798	0.082821	0.082923	0.083211	0.083864	0.085161	0.087536	0.091665	0.098594	
0.61	0.082769	0.08277	0.082793	0.082895	0.083183	0.083836	0.085133	0.087508	0.091637	0.098565	
0.612	0.082741	0.082742	0.082765	0.082867	0.083155	0.083808	0.085105	0.08748	0.091609	0.098537	
0.614	0.082713	0.082715	0.082737	0.082839	0.083127	0.08378	0.085077	0.087452	0.091581	0.098509	
0.616	0.082686	0.082687	0.08271	0.082812	0.0831	0.083753	0.085049	0.087425	0.091553	0.098482	
0.618	0.082659	0.08266	0.082683	0.082784	0.083073	0.083726	0.085022	0.087398	0.091526	0.098455	
0.62	0.082632	0.082633	0.082656	0.082757	0.083046	0.083699	0.084995	0.08737	0.091499	0.098427	
0.622	0.082605	0.082606	0.082629	0.082731	0.083019	0.083672	0.084968	0.087344	0.091472	0.098401	
0.624	0.082578	0.08258	0.082603	0.082704	0.082993	0.083645	0.084942	0.087317	0.091445	0.098374	
0.626	0.082552	0.082554	0.082576	0.082678	0.082966	0.083619	0.084915	0.087291	0.091419	0.098348	
0.628	0.082526	0.082528	0.08255	0.082652	0.08294	0.083593	0.084889	0.087264	0.091393	0.098321	
0.63	0.0825	0.082502	0.082524	0.082626	0.082914	0.083567	0.084863	0.087239	0.091367	0.098295	
0.632	0.082475	0.082476	0.082499	0.0826	0.082889	0.083541	0.084838	0.087213	0.091341	0.09827	
0.634	0.082449	0.082451	0.082473	0.082575	0.082863	0.083516	0.084812	0.087187	0.091315	0.098244	
0.636	0.082424	0.082426	0.082448	0.08255	0.082838	0.083491	0.084787	0.087162	0.09129	0.098219	
0.638	0.082399	0.082401	0.082423	0.082525	0.082813	0.083466	0.084762	0.087137	0.091265	0.098194	
0.64	0.082374	0.082376	0.082398	0.0825	0.082788	0.083441	0.084737	0.087112	0.09124	0.098169	
0.642	0.08235	0.082351	0.082374	0.082476	0.082764	0.083416	0.084712	0.087087	0.091215	0.098144	
0.644	0.082325	0.082327	0.08235	0.082451	0.082739	0.083392	0.084688	0.087063	0.091191	0.098119	
0.646	0.082301	0.082303	0.082325	0.082427	0.082715	0.083368	0.084664	0.087039	0.091166	0.098095	
0.648	0.082277	0.082279	0.082301	0.082403	0.082691	0.083344	0.08464	0.087014	0.091142	0.098071	
0.65	0.082253	0.082255	0.082278	0.082379	0.082667	0.08332	0.084616	0.086991	0.091118	0.098047	
0.652	0.08223	0.082231	0.082254	0.082356	0.082644	0.083296	0.084592	0.086967	0.091095	0.098023	
0.654	0.082206	0.082208	0.082231	0.082332	0.08262	0.083273	0.084569	0.086943	0.091071	0.098	
0.656	0.082183	0.082185	0.082207	0.082309	0.082597	0.083249	0.084545	0.08692	0.091048	0.097976	
0.658	0.08216	0.082162	0.082184	0.082286	0.082574	0.083226	0.084522	0.086897	0.091024	0.097953	
0.66	0.082137	0.082139	0.082161	0.082263	0.082551	0.083203	0.084499	0.086874	0.091001	0.09793	
0.662	0.082115	0.082116	0.082139	0.08224	0.082528	0.083181	0.084477	0.086851	0.090979	0.097907	
0.664	0.082092	0.082093	0.082116	0.082218	0.082506	0.083158	0.084454	0.086828	0.090956	0.097885	
0.666	0.08207	0.082071	0.082094	0.082195	0.082484	0.083136	0.084432	0.086806	0.090933	0.097862	
0.668	0.082047	0.082049	0.082072	0.082173	0.082461	0.083113	0.084409	0.086784	0.090911	0.09784	
0.67	0.082025	0.082027	0.08205	0.082151	0.082439	0.083091	0.084387	0.086761	0.090889	0.097818	
0.672	0.082004	0.082005	0.082028	0.082129	0.082417	0.08307	0.084365	0.08674	0.090867	0.097796	
0.674	0.081982	0.081983	0.082006	0.082108	0.082396	0.083048	0.084344	0.086718	0.090845	0.097774	
0.676	0.08196	0.081962	0.081984	0.082086	0.082374	0.083026	0.084322	0.086696	0.090823	0.097752	
0.678	0.081939	0.08194	0.081963	0.082065	0.082353	0.083005	0.0843	0.086675	0.090802	0.097731	
0.68	0.081918	0.081919	0.081942	0.082043	0.082332	0.082984	0.084279	0.086653	0.09078	0.097709	
0.682	0.081897	0.081898	0.081921	0.082022	0.08231	0.082962	0.084258	0.086632	0.090759	0.097688	
0.684	0.081876	0.081877	0.0819	0.082001	0.08229	0.082942	0.084237	0.086611	0.090738	0.097667	
0.686	0.081855	0.081857	0.081879	0.081981	0.082269	0.082921	0.084216	0.08659	0.090717	0.097646	
0.688	0.081834	0.081836	0.081859	0.08196	0.082248	0.0829	0.084196	0.08657	0.090697	0.097625	
0.69	0.081814	0.081815	0.081838	0.08194	0.082228	0.08288	0.084175	0.086549	0.090676	0.097605	
0.692	0.081794	0.081795	0.081818	0.081919	0.082207	0.082859	0.084155	0.086529	0.090656	0.097584	
0.694	0.081773	0.081775	0.081798	0.081899	0.082187	0.082839	0.084134	0.086508	0.090635	0.097564	
0.696	0.081753	0.081755	0.081778	0.081879	0.082167	0.082819	0.084114	0.086488	0.090615	0.097544	
0.698	0.081734	0.081735	0.081758	0.081859	0.082147	0.082799	0.084094	0.086468	0.090595	0.097524	
0.7	0.081714	0.081715	0.081738	0.081839	0.082127	0.082779	0.084075	0.086448	0.090575	0.097504	
0.702	0.081694	0.081696	0.081718	0.08182	0.082108	0.08276	0.084055	0.086429	0.090555	0.097484	
0.704	0.081675	0.081676	0.081699	0.0818	0.082088	0.08274	0.084035	0.086409	0.090536	0.097464	
0.706	0.081655	0.081657	0.081679	0.081781	0.082069	0.082721	0.084016	0.08639	0.090516	0.097445	
0.708	0.081636	0.081638	0.08166	0.081762	0.08205	0.082701	0.083997	0.08637	0.090497	0.097425	
0.71	0.081617	0.081618	0.081641	0.081743	0.082031	0.082682	0.083978	0.086351	0.090478	0.097406	
0.712	0.081598	0.0816	0.081622	0.081724	0.082012	0.082663	0.083958	0.086332	0.090459	0.097387	
0.714	0.081579	0.081581	0.081603	0.081705	0.081993	0.082644	0.08394	0.086313	0.09044	0.097368	
0.716	0.08156	0.081562	0.081585	0.081686	0.081974	0.082626	0.083921	0.086294	0.090421	0.097349	
0.718	0.081542	0.081543	0.081566	0.081667	0.081955	0.082607	0.083902	0.086276	0.090402	0.097331	
0.72	0.081523	0.081525	0.081547	0.081649	0.081937	0.082589	0.083884	0.086257	0.090383	0.097312	
0.722	0.081505	0.081507	0.081529	0.081631	0.081919	0.08257	0.083865	0.086239	0.090365	0.097293	
0.724	0.081487	0.081488	0.081511	0.081612	0.0819	0.082552	0.083847	0.08622	0.090347	0.097275	
0.726	0.081469	0.08147	0.081493	0.081594	0.081882	0.082534	0.083829	0.086202	0.090328	0.097257	
0.728	0.081451	0.081452	0.081475	0.081576	0.081864	0.082516	0.083811	0.086184	0.09031	0.097239	
0.73	0.081433	0.081434	0.081457	0.081558	0.081846	0.082498	0.083793	0.086166	0.090292	0.097221	
0.732	0.081415	0.081417	0.081439	0.081541	0.081829	0.08248	0.083775	0.086148	0.090274	0.097203	
0.734	0.081397	0.081399	0.081422	0.081523	0.081811	0.082462	0.083757	0.08613	0.090257	0.097185	
0.736	0.08138	0.081381	0.081404	0.081505	0.081793	0.082445	0.08374	0.086113	0.090239	0.097167	
0.738	0.081362	0.081364	0.081387	0.081488	0.081776	0.082427	0.083722	0.086095	0.090221	0.09715	
0.74	0.081345	0.081347	0.081369	0.081471	0.081758	0.08241	0.083705	0.086078	0.090204	0.097132	
0.742	0.081328	0.081329	0.081352	0.081453	0.081741	0.082393	0.083688	0.08606	0.090187	0.097115	
0.744	0.081311	0.081312	0.081335	0.081436	0.081724	0.082376	0.08367	0.086043	0.090169	0.097098	
0.746	0.081294	0.081295	0.081318	0.081419	0.081707	0.082359	0.083653	0.086026	0.090152	0.097081	
0.748	0.081277	0.081278	0.081301	0.081402	0.08169	0.082342	0.083636	0.086009	0.090135	0.097064	
0.75	0.08126	0.081262	0.081284	0.081386	0.081673	0.082325	0.083619	0.085992	0.090118	0.097047	
0.752	0.081243	0.081245	0.081267	0.081369	0.081657	0.082308	0.083603	0.085975	0.090101	0.09703	
0.754	0.081227	0.081228	0.081251	0.081352	0.08164	0.082291	0.083586	0.085959	0.090085	0.097013	
0.756	0.08121	0.081212	0.081234	0.081336	0.081624	0.082275	0.083569	0.085942	0.090068	0.096996	
0.758	0.081194	0.081195	0.081218	0.081319	0.081607	0.082258	0.083553	0.085926	0.090051	0.09698	
0.76	0.081178	0.081179	0.081202	0.081303	0.081591	0.082242	0.083537	0.085909	0.090035	0.096963	
0.762	0.081161	0.081163	0.081185	0.081287	0.081575	0.082226	0.08352	0.085893	0.090019	0.096947	
0.764	0.081145	0.081147	0.081169	0.081271	0.081558	0.08221	0.083504	0.085877	0.090002	0.096931	
0.766	0.081129	0.081131	0.081153	0.081255	0.081542	0.082194	0.083488	0.085861	0.089986	0.096915	
0.768	0.081113	0.081115	0.081137	0.081239	0.081526	0.082178	0.083472	0.085845	0.08997	0.096898	
0.77	0.081097	0.081099	0.081121	0.081223	0.081511	0.082162	0.083456	0.085829	0.089954	0.096882	
0.772	0.081082	0.081083	0.081106	0.081207	0.081495	0.082146	0.08344	0.085813	0.089938	0.096867	
0.774	0.081066	0.081067	0.08109	0.081191	0.081479	0.08213	0.083425	0.085797	0.089923	0.096851	
0.776	0.08105	0.081052	0.081074	0.081176	0.081463	0.082115	0.083409	0.085781	0.089907	0.096835	
0.778	0.081035	0.081036	0.081059	0.08116	0.081448	0.082099	0.083393	0.085766	0.089891	0.096819	
0.78	0.081019	0.081021	0.081043	0.081145	0.081432	0.082084	0.083378	0.08575	0.089876	0.096804	
0.782	0.081004	0.081006	0.081028	0.081129	0.081417	0.082068	0.083363	0.085735	0.08986	0.096788	
0.784	0.080989	0.08099	0.081013	0.081114	0.081402	0.082053	0.083347	0.08572	0.089845	0.096773	
0.786	0.080974	0.080975	0.080998	0.081099	0.081387	0.082038	0.083332	0.085704	0.08983	0.096758	
0.788	0.080959	0.08096	0.080983	0.081084	0.081372	0.082023	0.083317	0.085689	0.089814	0.096742	
0.79	0.080944	0.080945	0.080968	0.081069	0.081357	0.082008	0.083302	0.085674	0.089799	0.096727	
0.792	0.080929	0.08093	0.080953	0.081054	0.081342	0.081993	0.083287	0.085659	0.089784	0.096712	
0.794	0.080914	0.080915	0.080938	0.081039	0.081327	0.081978	0.083272	0.085644	0.089769	0.096697	
0.796	0.080899	0.0809	0.080923	0.081024	0.081312	0.081963	0.083257	0.085629	0.089754	0.096682	
0.798	0.080884	0.080886	0.080908	0.08101	0.081297	0.081948	0.083242	0.085614	0.08974	0.096668	
0.8	0.08087	0.080871	0.080894	0.080995	0.081283	0.081934	0.083228	0.0856	0.089725	0.096653	
0.802	0.080855	0.080857	0.080879	0.08098	0.081268	0.081919	0.083213	0.085585	0.08971	0.096638	
0.804	0.080841	0.080842	0.080865	0.080966	0.081254	0.081905	0.083199	0.085571	0.089696	0.096624	
0.806	0.080826	0.080828	0.08085	0.080952	0.081239	0.08189	0.083184	0.085556	0.089681	0.096609	
0.808	0.080812	0.080813	0.080836	0.080937	0.081225	0.081876	0.08317	0.085542	0.089667	0.096595	
0.81	0.080798	0.080799	0.080822	0.080923	0.081211	0.081862	0.083156	0.085527	0.089652	0.09658	
0.812	0.080783	0.080785	0.080808	0.080909	0.081196	0.081847	0.083141	0.085513	0.089638	0.096566	
0.814	0.080769	0.080771	0.080793	0.080895	0.081182	0.081833	0.083127	0.085499	0.089624	0.096552	
0.816	0.080755	0.080757	0.080779	0.080881	0.081168	0.081819	0.083113	0.085485	0.08961	0.096537	
0.818	0.080741	0.080743	0.080765	0.080867	0.081154	0.081805	0.083099	0.085471	0.089596	0.096523	
0.82	0.080727	0.080729	0.080751	0.080853	0.08114	0.081791	0.083085	0.085457	0.089582	0.096509	
0.822	0.080714	0.080715	0.080738	0.080839	0.081126	0.081777	0.083071	0.085443	0.089568	0.096495	
0.824	0.0807	0.080701	0.080724	0.080825	0.081113	0.081764	0.083057	0.085429	0.089554	0.096481	
0.826	0.080686	0.080688	0.08071	0.080811	0.081099	0.08175	0.083044	0.085415	0.08954	0.096468	
0.828	0.080672	0.080674	0.080696	0.080798	0.081085	0.081736	0.08303	0.085401	0.089526	0.096454	
0.83	0.080659	0.08066	0.080683	0.080784	0.081072	0.081723	0.083016	0.085388	0.089512	0.09644	
0.832	0.080645	0.080647	0.080669	0.080771	0.081058	0.081709	0.083003	0.085374	0.089499	0.096427	
0.834	0.080632	0.080633	0.080656	0.080757	0.081045	0.081696	0.082989	0.085361	0.089485	0.096413	
0.836	0.080619	0.08062	0.080643	0.080744	0.081031	0.081682	0.082976	0.085347	0.089472	0.096399	
0.838	0.080605	0.080607	0.080629	0.08073	0.081018	0.081669	0.082962	0.085334	0.089458	0.096386	
0.84	0.080592	0.080593	0.080616	0.080717	0.081005	0.081656	0.082949	0.085321	0.089445	0.096373	
0.842	0.080579	0.08058	0.080603	0.080704	0.080992	0.081642	0.082936	0.085307	0.089432	0.096359	
0.844	0.080566	0.080567	0.08059	0.080691	0.080978	0.081629	0.082923	0.085294	0.089418	0.096346	
0.846	0.080552	0.080554	0.080576	0.080678	0.080965	0.081616	0.08291	0.085281	0.089405	0.096333	
0.848	0.080539	0.080541	0.080563	0.080665	0.080952	0.081603	0.082896	0.085268	0.089392	0.09632	
0.85	0.080526	0.080528	0.08055	0.080652	0.080939	0.08159	0.082883	0.085255	0.089379	0.096306	
0.852	0.080514	0.080515	0.080538	0.080639	0.080926	0.081577	0.08287	0.085242	0.089366	0.096293	
0.854	0.080501	0.080502	0.080525	0.080626	0.080913	0.081564	0.082858	0.085229	0.089353	0.09628	
0.856	0.080488	0.080489	0.080512	0.080613	0.080901	0.081551	0.082845	0.085216	0.08934	0.096268	
0.858	0.080475	0.080477	0.080499	0.0806	0.080888	0.081539	0.082832	0.085203	0.089327	0.096255	
0.86	0.080462	0.080464	0.080486	0.080588	0.080875	0.081526	0.082819	0.08519	0.089314	0.096242	
0.862	0.08045	0.080451	0.080474	0.080575	0.080862	0.081513	0.082806	0.085178	0.089302	0.096229	
0.864	0.080437	0.080439	0.080461	0.080562	0.08085	0.0815	0.082794	0.085165	0.089289	0.096216	
0.866	0.080425	0.080426	0.080449	0.08055	0.080837	0.081488	0.082781	0.085152	0.089276	0.096204	
0.868	0.080412	0.080414	0.080436	0.080537	0.080825	0.081475	0.082769	0.08514	0.089264	0.096191	
0.87	0.0804	0.080401	0.080424	0.080525	0.080812	0.081463	0.082756	0.085127	0.089251	0.096178	
0.872	0.080387	0.080389	0.080411	0.080513	0.0808	0.081451	0.082744	0.085115	0.089239	0.096166	
0.874	0.080375	0.080376	0.080399	0.0805	0.080788	0.081438	0.082731	0.085102	0.089226	0.096154	
0.876	0.080363	0.080364	0.080387	0.080488	0.080775	0.081426	0.082719	0.08509	0.089214	0.096141	
0.878	0.08035	0.080352	0.080374	0.080476	0.080763	0.081414	0.082707	0.085078	0.089201	0.096129	
0.88	0.080338	0.08034	0.080362	0.080463	0.080751	0.081401	0.082695	0.085065	0.089189	0.096116	
0.882	0.080326	0.080328	0.08035	0.080451	0.080739	0.081389	0.082682	0.085053	0.089177	0.096104	
0.884	0.080314	0.080315	0.080338	0.080439	0.080727	0.081377	0.08267	0.085041	0.089165	0.096092	
0.886	0.080302	0.080303	0.080326	0.080427	0.080715	0.081365	0.082658	0.085029	0.089153	0.09608	
0.888	0.08029	0.080291	0.080314	0.080415	0.080703	0.081353	0.082646	0.085017	0.08914	0.096068	
0.89	0.080278	0.080279	0.080302	0.080403	0.080691	0.081341	0.082634	0.085005	0.089128	0.096056	
0.892	0.080266	0.080268	0.08029	0.080391	0.080679	0.081329	0.082622	0.084993	0.089116	0.096044	
0.894	0.080254	0.080256	0.080278	0.080379	0.080667	0.081317	0.08261	0.084981	0.089104	0.096032	
0.896	0.080242	0.080244	0.080266	0.080368	0.080655	0.081305	0.082598	0.084969	0.089093	0.09602	
0.898	0.080231	0.080232	0.080255	0.080356	0.080643	0.081294	0.082587	0.084957	0.089081	0.096008	
0.9	0.080219	0.08022	0.080243	0.080344	0.080631	0.081282	0.082575	0.084945	0.089069	0.095996	
